Sample data file lininput_xeon64.

Current date/time: Sat Mar 14 23:26:00 2020

CPU frequency:    3.689 GHz
Number of CPUs: 1
Number of cores: 4
Number of threads: 4

Parameters are set to:

Number of tests: 15

Number of equations to solve (problem size) : 1000  2000  5000  10000 15000 18000 20000 22000 25000 26000 27000 30000 35000 40000 45000
Leading dimension of array                  : 1000  2000  5008  10000 15000 18008 20016 22008 25000 26000 27000 30000 35000 40000 45000
Number of trials to run                     : 4     2     2     2     2     2     2     2     2     2     1     1     1     1     1    
Data alignment value (in Kbytes)            : 4     4     4     4     4     4     4     4     4     4     4     1     1     1     1    
Maximum memory requested that can be used=16200901024, at the size=45000

=================== Timing linear equation system solver ===================

Size   LDA    Align. Time(s)    GFlops   Residual     Residual(norm) Check
1000   1000   4      0.007      92.8420  1.502479e-12 5.123838e-02   pass
1000   1000   4      0.006      110.6423 1.502479e-12 5.123838e-02   pass
1000   1000   4      0.006      102.9764 1.502479e-12 5.123838e-02   pass
1000   1000   4      0.006      109.4900 1.502479e-12 5.123838e-02   pass
2000   2000   4      0.043      122.8056 5.141276e-12 4.472280e-02   pass
2000   2000   4      0.044      122.6663 5.141276e-12 4.472280e-02   pass
5000   5008   4      0.584      142.8083 2.567213e-11 3.579772e-02   pass
5000   5008   4      0.595      140.0673 2.567213e-11 3.579772e-02   pass
10000  10000  4      5.378      123.9934 1.034086e-10 3.646293e-02   pass
10000  10000  4      5.185      128.6240 1.034086e-10 3.646293e-02   pass
15000  15000  4      23.207     96.9743  2.206862e-10 3.475844e-02   pass
15000  15000  4      21.262     105.8414 2.206862e-10 3.475844e-02   pass
18000  18008  4      37.224     104.4649 2.839891e-10 3.110030e-02   pass
18000  18008  4      35.190     110.5029 2.839891e-10 3.110030e-02   pass
20000  20016  4      54.631     97.6400  3.839458e-10 3.398761e-02   pass
20000  20016  4      47.771     111.6606 3.839458e-10 3.398761e-02   pass
22000  22008  4      61.706     115.0551 4.191068e-10 3.069793e-02   pass
22000  22008  4      59.356     119.6115 4.191068e-10 3.069793e-02   pass
25000  25000  4      86.703     120.1558 5.526876e-10 3.142937e-02   pass
25000  25000  4      89.160     116.8456 5.526876e-10 3.142937e-02   pass
26000  26000  4      96.623     121.2830 6.643859e-10 3.493541e-02   pass
26000  26000  4      96.829     121.0243 6.643859e-10 3.493541e-02   pass
27000  27000  4      109.646    119.6897 6.191166e-10 3.019127e-02   pass
30000  30000  1      148.991    120.8250 8.044883e-10 3.171301e-02   pass
35000  35000  1      238.087    120.0643 1.155255e-09 3.353531e-02   pass
40000  40000  1      452.157    94.3697  1.430789e-09 3.182123e-02   pass
45000  45000  1      3198.554   18.9942  1.732897e-09 3.048850e-02   pass

Performance Summary (GFlops)

Size   LDA    Align.  Average  Maximal
1000   1000   4       103.9877 110.6423
2000   2000   4       122.7360 122.8056
5000   5008   4       141.4378 142.8083
10000  10000  4       126.3087 128.6240
15000  15000  4       101.4078 105.8414
18000  18008  4       107.4839 110.5029
20000  20016  4       104.6503 111.6606
22000  22008  4       117.3333 119.6115
25000  25000  4       118.5007 120.1558
26000  26000  4       121.1537 121.2830
27000  27000  4       119.6897 119.6897
30000  30000  1       120.8250 120.8250
35000  35000  1       120.0643 120.0643
40000  40000  1       94.3697  94.3697 
45000  45000  1       18.9942  18.9942 

Residual checks PASSED

End of tests

15/03/2020 
01:17
